11 0.1507651452721662 0.8723002416944976 0.003666021769535952 0.007332043539071975
11 0.12006221295230259 0.9107934702746252 0.0082485489814559 0.014664087078143808
11 0.10998065308607868 0.9297345827505609 0.009165054423839898 0.006110036282559861
11 0.21606615804202545 0.8041733371439544 0.006873790817879879 0.011609068936863878
11 0.20552634545460954 0.8127273879395384 0.008706801702647872 0.011609068936863878
11 0.25960016655526486 0.7708736394040028 0.013289328914567876 0.012220072565120007
11 0.24974773304963704 0.7754561666159228 0.003666021769535952 0.006721039910815989
11 0.23233412964434122 0.7846212210397627 0.006415538096687925 0.01405308344988768
11 0.31046621860757634 0.7424619706900991 0.008706801702647872 0.005499032654304017
11 0.30084291146254444 0.747961003344403 0.006873790817879914 0.005499032654303875
11 0.4275497888721309 0.6654755135298441 0.006415538096687925 0.00794304716732782
11 0.420217745333059 0.6758625752101959 0.004582527211919967 0.009165054423839934
11 0.33544099191254007 0.6333978230464044 0.005499032654303946 0.01466408707814388
11 0.47452069279431036 0.5170016318636378 0.008706801702647909 0.010387061680351835
11 0.503848866950598 0.498977024830086 0.00870680170264798 0.018330108847679726
11 0.5150760586198019 0.4998935302724699 0.008248548981455883 0.004277025397791973
11 0.5473828754638376 0.577796492875109 0.008706801702647766 0.004888029026047889
11 0.5386760737611895 0.585434038228309 0.006873790817879879 0.009165054423839792
11 0.5166799431439739 0.5970431071651728 0.008706801702647838 0.00672103991081606
11 0.3084040813622123 0.5643544130534772 0.005499032654303946 0.007332043539071904
11 0.39638860383107527 0.6025421398194767 0.007332043539071975 0.014053083449887893
11 0.4566488366678226 0.5240281735885817 0.004124274490727942 0.00488802902604803
11 0.6042062128916449 0.4855349450084541 0.005040779933111921 0.006110036282560003
7 0.24745646944367705 0.41954655315680683 0.06323887552449524 0.057434341056063334
7 0.10700201039833061 0.6847221278199079 0.03070293231986361 0.029328174156288248
7 0.13518455275163838 0.7174108219316033 0.016497097962911784 0.020163119732447825
7 0.16084670513839008 0.8228089478057621 0.03482720681059158 0.039104232208383535
7 0.024516520583771708 0.8493876056348978 0.028869921435095654 0.036049214067103603
11 0.840986305746378 0.335746493726668 0.004582527211919967 0.009165054423839863
11 0.8327377567649219 0.34246753363748395 0.007332043539071691 0.01283107619337585
7 0.48606957318317834 0.20224220095273351 0.03528545953178332 0.04521426849094334
7 0.1081476422013108 0.29205973430636456 0.030244679598671796 0.043992261234431444
7 0.09531656600793487 0.27036910550327675 0.002749516327151991 0.004277025397792009
