5 0.9725883662437832 0.1302293056347996 0.016735523766953406 0.02346820574216478
5 0.9534002226144312 0.07867619793889666 0.011830284042156762 0.012695914581826865
5 0.9949504885185917 0.7992655316286446 0.010099022962816662 0.020390408267782476
5 0.7928257575056438 0.7011607371327098 0.02827726429588708 0.025007104479355745
5 0.7717620810403403 0.7896474145211999 0.012118827555380279 0.015004262687613448
5 0.5657420125988772 0.6728834728368227 0.025968916190100375 0.03154742411241827
5 0.638743521444382 0.6626882687029314 0.008079218370253157 0.011157015844635656
5 0.5477685577851646 0.5387225394745719 0.018409076143648874 0.0220062519418331
5 0.09817761366401699 0.4741475945346055 0.010095575882274872 0.010409660465278919
5 0.042055217052301426 0.7323426727950451 0.029518001402747417 0.024968632010926087
5 0.19519968669558774 0.7782595638659856 0.01586989322728357 0.016927886109102275
5 0.34659846808387296 0.867765761667865 0.019678667601831564 0.020736660483650412
5 0.545289531289463 0.9039491182260713 0.018409076143648947 0.02369904055274347
5 0.6914512479127446 0.9289028783417695 0.022535248382742738 0.028777406385474366
5 0.3394950438804583 0.4927982124560174 0.024757033434562318 0.028354209232746612
5 0.35108006593637525 0.10855006967461954 0.023170044111833904 0.030893392149112006
5 0.4545517697782641 0.11574442127098808 0.01872647400819453 0.021583054789105667
5 0.10585218782598133 0.9659326292054314 0.019361269737285944 0.018197477567285177
5 0.3586595869366081 0.961912256254519 0.0215830547891056 0.02369904055274308
5 0.6405280836986382 0.23698296957982104 0.024090497919014662 0.037706866308025215
5 0.2298163673943968 0.8287642752747633 0.021967741000934994 0.031543422975701535
10 0.07863695937090431 0.2254259501965924 0.1474442988204456 0.4220183486238532
10 0.2437745740498034 0.2103538663171691 0.16513761467889906 0.37352555701179563
10 0.9043250327653997 0.90694626474443 0.1788990825688073 0.12057667103538662
10 0.7367300131061598 0.4036697247706422 0.07372214941022293 0.09960681520314545
10 0.9343053735255569 0.43381389252948893 0.09731323722149413 0.1284403669724771
