5 0.2200616105990503 0.5197146393598134 0.013057748147408859 0.015362056644010452
11 0.4753630074845329 0.42434994051805036 0.0029368948021162565 0.003915859736155127
11 0.47787160512800725 0.373525344359204 0.0025697829518518487 0.004079020558494903
11 0.4770761961191009 0.35867770952628253 0.002692153568606628 0.004079020558494903
11 0.49261726444696646 0.5245306854346851 0.004650083436684227 0.003915859736155127
11 0.4899736474666817 0.5327542671317138 0.0034263772691356565 0.004894824670193927
11 0.48807690290698147 0.5440939442843296 0.0030592654188711776 0.004079020558494833
11 0.4953579546038949 0.5470308390864459 0.0029368948021163276 0.004079020558494833
11 0.914646133682831 0.29357798165137616 0.022608125819134982 0.06815203145478378
11 0.7273918741808649 0.11664482306684143 0.019659239842726065 0.028833551769331597
11 0.523427260812582 0.23263433813892528 0.04226736566186119 0.040629095674967246
11 0.49344692005242463 0.5668414154652687 0.0294888597640891 0.022280471821756152
11 0.5219528178243774 0.6559633027522935 0.03538663171690693 0.02490170380078638
11 0.3081585845347313 0.5884665792922674 0.03833551769331585 0.028833551769331507
11 0.4079292267365662 0.40498034076015726 0.011795543905635668 0.013106159895150711
11 0.4698558322411533 0.2621231979030144 0.015727391874180867 0.0235910878112713
11 0.45019659239842724 0.2142857142857143 0.011795543905635668 0.04062909567496721
11 0.34551114023591084 0.22411533420707733 0.01277850589777195 0.020969855832241143
11 0.36271297509829625 0.3112712975098296 0.019659239842726137 0.019659239842726137
11 0.33322411533420704 0.18414154652686762 0.011795543905635668 0.02490170380078638
11 0.42807994757536044 0.1179554390563565 0.008846657929226752 0.02096985583224116
11 0.6379423328964613 0.3551769331585845 0.013761467889908303 0.02096985583224118
11 0.6836500655307995 0.4456094364351245 0.018676277850589854 0.026212319790301423
11 0.5524246395806028 0.8053735255570118 0.019659239842726137 0.027522935779816605
11 0.32266697441394326 0.5268738906863802 0.013756770713917489 0.015563215353118736
11 0.28910879130878103 0.428770051049757 0.012506155194470417 0.016119044472872945
11 0.22406861390092772 0.35262146164342634 0.025429182228756453 0.035017234544517065
11 0.4475119200421318 0.3018152120265519 0.011255539675023343 0.016674873592627152
11 0.32286723993724364 0.10644127643293683 0.008754308636129231 0.023900652149432294
11 0.45105533068056514 0.18509109687816167 0.00833743679631361 0.013339898874101763
11 0.47690138474913724 0.30709558866421716 0.009171180475944922 0.04613381693960182
11 0.40770065933973443 0.037518465583411154 0.010004924155576234 0.020565677430906853
11 0.9358017366683853 0.7059663956500074 0.00917118047594485 0.021121506550661168
11 0.9462235326637773 0.7134700887666896 0.004168718398156841 0.018342360951889985
11 0.9722780226522574 0.5917435115405112 0.013756770713917349 0.031682259825991606
11 0.954560969460091 0.46362489943715907 0.0066699494370507754 0.025568139508694968
11 0.7888544131333584 0.556448362436117 0.016258001752811568 0.02000984831115261
11 0.7713457958611 0.5778477835466552 0.012923027034286036 0.011672411514838998
11 0.1222407964019668 0.5756475779865284 0.013307707228829973 0.009125284956912054
11 0.1304155308425338 0.5563830875219365 0.007604404130759992 0.015208808261519949
11 0.19828483770956673 0.7051759283471404 0.006463743511145985 0.02179929184151206
