10 0.28169572107765456 0.7971473851030112 0.5443740095087164 0.38668779714738505
10 0.6406497622820919 0.25752773375594296 0.29477020602218695 0.41362916006339145
10 0.48019017432646594 0.5372424722662441 0.3851030110935023 0.10459587955625992
10 0.08022979397781299 0.2004754358161648 0.13906497622820918 0.1664025356576862
10 0.42908082408874804 0.1450079239302694 0.12361331220285258 0.18225039619651348
10 0.9259112519809826 0.9635499207606972 0.07131537242472262 0.06022187004754343
11 0.7322159917832277 0.7679435245735712 0.002821873248971798 0.008465619746915535
11 0.7452671555597223 0.7428602068049328 0.005408590393862624 0.005330205025835823
11 0.7821866639004369 0.6873633662418205 0.0035273415612147117 0.007211453858483594
11 0.8232801877831403 0.5653957335918165 0.003527341561214854 0.00533020502583554
