5 0.28328477910008426 0.7581565248136692 0.022659033549915435 0.025091359185217214
5 0.1261608901889361 0.8889900405651585 0.022659033549915435 0.02662756484961804
5 0.4457340983848051 0.865721304934213 0.016898262308411568 0.019458605082413698
5 0.9366315163434568 0.1065102593984727 0.016898262308411204 0.025603427740017465
5 0.07750135685750795 0.07811191581261942 0.009061697109493236 0.01526180565809388
11 0.31146489380474746 0.6320012961779863 0.018589749574210862 0.01443254819263629
11 0.3353491923083223 0.6501988569426147 0.01882506285996044 0.01004003352531214
11 0.26993209886995984 0.6145881130325229 0.017413183145463407 0.010353784572978171
5 0.7060937060988678 0.4159524247697279 0.00988315800147916 0.012236290858974215
11 0.6575015125915951 0.48387952658941835 0.006824085286735766 0.013805046097304229
11 0.7284484682450707 0.509136485926532 0.007059398572485094 0.012236290858974215
11 0.715506237528848 0.4931351824955656 0.010824411144477181 0.015373801335634311
11 0.746920561176407 0.28653011760749997 0.027531654432692107 0.019452564955292396
11 0.7888063260398189 0.28135322532101087 0.008706591572731667 0.010353784572978243
11 0.609968228870195 0.30441392732446243 0.0077653384297336455 0.025100083813280563
11 0.6192631036573004 0.29986453713330535 0.005647518857988061 0.007843776191650172
11 0.6547954098054758 0.31602271608810467 0.006588772000986012 0.008785029334648264
11 0.6110271386560677 0.19946420188018307 0.027296341146942637 0.010981286668310233
11 0.7203301598867129 0.22738804512245772 0.006353458715236684 0.013491295049638339
11 0.5432569123602101 0.20683735150033422 0.012236290858974215 0.010040033525312176
11 0.39559782555239564 0.09404384986440471 0.013883483859220789 0.023531328574950515
11 0.40230425419625654 0.1155357966295262 0.00988315800147916 0.01631505447863237
11 0.4279534023429526 0.04525556195234062 0.011295037715976263 0.02070756914595646
11 0.46548587141999875 0.14063588044280675 0.00964784471572969 0.015060050287968299
11 0.2184883858184156 0.5277292621742238 0.007294711858234635 0.011295037715976192
11 0.566399078799059 0.1429136022118662 0.004235639143491099 0.021648822288954487
11 0.6332280519519187 0.054592682293885225 0.005647518857988061 0.008157527239316184
11 0.8535174796209327 0.051768922864891154 0.006824085286735766 0.010667535620644238
10 0.8940232562948464 0.5834259757984073 0.20752240404981323 0.22746227917203718
10 0.37041690586311105 0.44606239162308614 0.04800340307202092 0.05908111147325648
10 0.4350368715369852 0.41996823405573125 0.033971639097122405 0.04628020398738414
10 0.32278275973779813 0.2988519555355555 0.04283380581811094 0.054157685517151714
