11 0.1631782333162802 0.8536302731225689 0.025056158666607296 0.03132019833325913
11 0.28172518400766605 0.9340187821779338 0.01346768528330145 0.020880132222172706
11 0.258391636249388 0.7504824199450354 0.025682562633272496 0.012110476688860245
11 0.3050587317659441 0.7803410090227423 0.014407291233299162 0.015033695199964257
11 0.27044991260769274 0.6989084933562686 0.012214877349971082 0.022550542799946668
11 0.34702779753251106 0.6757315465896567 0.018792118999955438 0.01712170842218155
11 0.3702047442991232 0.6863804140229649 0.015033695199964399 0.017539311066625204
11 0.40825878527403303 0.7335695128450754 0.007830049583314746 0.020880132222172845
11 0.32134523489923894 0.5857381767120923 0.010648867433308097 0.034243416844363356
11 0.3056851357326093 0.5911670110898571 0.017539311066625096 0.023385748088833508
11 0.24179193113276065 0.594299030923183 0.014407291233299197 0.015451297844407748
11 0.1775855245495794 0.5425163030121944 0.01315448329996883 0.027144171888824644
11 0.1813439483495705 0.6009806732342783 0.020044926933285828 0.013780887266634068
11 0.09709261483310336 0.5460659254899639 0.010648867433308116 0.019209721644398953
11 0.08409473252480082 0.5517035611899506 0.012841281316636248 0.00793445024442562
11 0.033356011224920996 0.5093168927789398 0.01659970511662735 0.020044926933285936
11 0.021610936849948813 0.44584129082353463 0.009396059499977743 0.015033695199964399
11 0.007516847599982196 0.45857817147906005 0.010648867433308111 0.014616092555520979
11 0.16865926802460052 0.4761174825456851 0.01722610908329255 0.009604860822199513
11 0.19340222470787527 0.48989836981231916 0.01785251304995775 0.010440066111086353
11 0.22942045279112327 0.444797284212426 0.012214877349971082 0.02630896659993766
11 0.21689237345781961 0.46045738337905556 0.012214877349971048 0.01670410577773822
11 0.23458828551611105 0.5118225086456006 0.033825814199919896 0.013363284622190648
11 0.2691971046743624 0.5097344954233833 0.017226109083292477 0.01503369519996447
11 0.3210320329159063 0.4351924233902265 0.020044926933285866 0.010440066111086423
11 0.34373917670751925 0.5157897337678133 0.013467685283301379 0.015451297844407819
11 0.4148360269240174 0.4694358402345899 0.017852513049957677 0.018792118999955535
11 0.36973494132412427 0.4817551182456718 0.012841281316636213 0.010857668755529843
11 0.4602503145072432 0.3850801060570119 0.009709261483310314 0.018792118999955462
11 0.5869405167652765 0.3836184968014598 0.011275271399973476 0.01837451635551197
11 0.7374340697565868 0.4554461516457341 0.017852513049957677 0.021715337511059685
11 0.8345266845896901 0.3788160663903601 0.014094089249966545 0.021297734866616267
11 0.8940350614228825 0.43978605247910457 0.02098453288328372 0.02547376131105082
11 0.9004557020812007 0.4926127870012016 0.022550542799946525 0.030902595688815707
11 0.8425133351646713 0.503052853112288 0.020044926933285866 0.0225505427999466
11 0.9902907385166896 0.2854818753572477 0.015660099166629776 0.03841944328879791
11 0.9840266988500378 0.34185823235711427 0.019418522966620628 0.04343067502211937
11 0.9616327570417574 0.2633489352017447 0.03100699634992651 0.07099244955538747
11 0.9455028549001285 0.3216045041016065 0.02317694676661173 0.03883704593324176
11 0.9361067954001513 0.39531137084587653 0.026308966599937804 0.030902595688815707
11 0.9350105884584871 0.6070359115787083 0.025995764616605185 0.04510108559989313
11 0.9274937408585049 0.5567147929232721 0.015346897183296874 0.022132940155503107
11 0.8820794532752791 0.5458571241677421 0.030380592383261417 0.036331430066580524
11 0.8668891570836484 0.5951342362120698 0.021297734866616336 0.027979377177711626
11 0.9072922129335527 0.6508841892452714 0.016912907099959965 0.021715337511059685
11 0.1738271007495883 0.3798600730014687 0.010648867433308097 0.013363284622190576
11 0.18541557413289417 0.401157807868085 0.01315448329996883 0.010022463466643004
11 0.13483345382468065 0.39447616555698956 0.0184789170166229 0.012528079333303665
11 0.2438277440244225 0.3207692988127198 0.01722610908329255 0.0313201983332592
11 0.31273218035759265 0.34144062971267075 0.015973301149962146 0.014198489911077488
