11 0.21767004256619737 0.5202695894599778 0.008248548981455883 0.015275090706399866
11 0.2763263908787727 0.5428767237054495 0.007332043539071904 0.02138512698895994
11 0.1519107770751462 0.4958294443297382 0.007790296260263893 0.020163119732447755
11 0.23920792046222114 0.48391487357874624 0.010081559866223912 0.010998065308607821
11 0.07263305630893117 0.9636452841187689 0.015122339799335744 0.02016311973244809
11 0.08821364882945895 0.9697553204013283 0.009623307145031887 0.018941112475935853
11 0.06598839185164722 0.9022394194790412 0.015580592520527823 0.018330108847679584
11 0.03391070136820759 0.913542986601777 0.01924661429006377 0.02138512698895994
11 0.023370888780791726 0.8399170493969299 0.0339107013682076 0.013442079821631836
11 0.046741777561583445 0.8292244859024501 0.011914570750991853 0.014053083449887822
11 0.9651727931894085 0.03177218866931162 0.060489359197343336 0.01099806530860787
11 0.8957475059288214 0.02993917778454364 0.050866052052311365 0.008554050795583898
11 0.7802678201884388 0.032688694111695615 0.02245438333840781 0.010387061680351879
11 0.8370911576162459 0.0332996977399516 0.0591146010337674 0.0067210399108159225
11 0.7779765565824787 0.2590655383805409 0.00687379081787995 0.021996130617215677
11 0.9461553052599406 0.2804506653695007 0.010539812587416009 0.00977605805209592
