3 0.5543313552363035 0.8471434252497033 0.06055297545746164 0.07529433652388505
3 0.5523063499300012 0.4950369987428136 0.13495150987699803 0.1777354267654415
3 0.9465909149054978 0.17508201143505786 0.09457150099536263 0.11974520989340737
3 0.7230892021214989 0.22406868820963363 0.0830052023124721 0.10341631763521539
3 0.5717067634778421 0.20093609084386166 0.108178911210523 0.2276973309336762
3 0.4145411754927444 0.09413120627813555 0.04422408319926973 0.07662850629884244
3 0.6057596471458421 0.028625656350449134 0.06389655435368112 0.05725131270089827
7 0.4132352727001231 0.6413981725606897 0.008826130134083598 0.010787492386102215
7 0.4300141138404384 0.6385174217530374 0.008918068989647025 0.011890758652862559
7 0.4402652962357543 0.628465440211442 0.008642252422956815 0.011645588371360418
7 0.4304278386904736 0.6129584199064202 0.008458374711830174 0.0120133437936137
7 0.544795044389433 0.6131329502523292 0.009287929811692805 0.010050706656131397
7 0.5595345851775544 0.6374520708220757 0.01049939891756587 0.012742860224738023
7 0.5441220059972813 0.6395160552246741 0.007134206956807674 0.015076059984197058
7 0.5445258290325724 0.655579238184027 0.0049804841019223285 0.008076460705819955
7 0.541968283142396 0.6793599280400522 0.006326560886225678 0.011486521892721696
7 0.5490351862599886 0.6906669730282001 0.006999599278377246 0.006461168564655822
7 0.5434489676051298 0.7049353869418152 0.00686499159994689 0.009153322133262521
7 0.542372106177687 0.7159732165731026 0.007134206956807531 0.011486521892721696
7 0.5530734166128984 0.720280662282873 0.008345676062680597 0.01364024474760697
7 0.5406895101973079 0.7327543071507505 0.006191953207795464 0.010589137369852609
7 0.5511216052756587 0.7349977684579226 0.007134206956807531 0.011845475701869078
7 0.5537464550050502 0.7534838896290217 0.006191953207795322 0.013281290938459306
7 0.5567540916371949 0.771919156685608 0.010364791239135442 0.013819721652180731
7 0.5453124389706169 0.7778418945365425 0.008749499097971594 0.013101814033885687
7 0.5588405106528647 0.7877131242881004 0.005384307137213856 0.0073585530875243735
7 0.5531196843195761 0.798212523205666 0.007672637670528814 0.008255937610393716
7 0.543764450668668 0.8047634302226089 0.0051150917803526146 0.006281691660082061
7 0.5618691834175477 0.7980330463010923 0.00686499159994689 0.007538029992098529
7 0.4096952029520578 0.8350607246967001 0.009691752846983875 0.014717106175049394
7 0.4216949099431517 0.5231275991675548 0.010230183560705158 0.011845475701869218
10 0.9641865402414348 0.8291714783347319 0.06254745084594475 0.12509490169188922
10 0.9624210879998154 0.9475408476775948 0.06406069562447542 0.08070638818831569
10 0.9828498925099828 0.7020589169381349 0.025220746308848588 0.06860042996006839
10 0.8834801520531192 0.7750309429250702 0.030264895570618223 0.06389255731574978
10 0.04590175828210448 0.11298894346364183 0.08675936730243924 0.20580128988020477
10 0.03455242244312261 0.9583016994360366 0.05397239710093604 0.07263574936948416
11 0.3849398372839217 0.7962142187711243 0.006988804586760295 0.007247649201084556
11 0.38338676959797496 0.8139882156214037 0.0033649799862178753 0.008283027658382593
11 0.3811865903762171 0.8467752001025015 0.006212270743786945 0.006902523048652256
11 0.37135049503188783 0.8588546154376426 0.0046592030578402445 0.011044036877843553
11 0.40254127105798476 0.7853427449694972 0.008541872272706925 0.017256307621630357
11 0.386234060355544 0.7316756282662269 0.00440035844351577 0.008628153810815178
11 0.3595730650801251 0.702339905309455 0.002847290757568928 0.011389163030276137
11 0.36280862275918074 0.7691218158051647 0.0020707569145956483 0.008283027658382593
11 0.3620320889162073 0.5444446905715371 0.0036238246005424204 0.01242454148757389
11 0.3580199973941784 0.4869811861915079 0.0028472907575690697 0.014150172249736883
11 0.3480544797426867 0.5120028322428719 0.0031061353718934725 0.01242454148757389
11 0.35051350357876915 0.5497941459342425 0.002329601528920051 0.007247649201084627
11 0.3827396580621638 0.5099320753282762 0.0036238246005424204 0.007592775353517354
11 0.3798923673045948 0.484737866200696 0.0036238246005423492 0.008973279963247762
11 0.3767862319327014 0.49405627231637633 0.002588446143244525 0.006212270743786945
11 0.374327208096619 0.5033746784320567 0.0028472907575689986 0.006212270743787087
11 0.37212702887486115 0.5125205214715208 0.002588446143244525 0.00448663998162381
11 0.35724346355120495 0.3841335927665908 0.003882669214866752 0.012079415335141308
11 0.35763173047269164 0.3965581342541647 0.0036238246005423492 0.005867144591354361
11 0.3582788420085027 0.4516057555671656 0.0028472907575689986 0.010353784572978243
11 0.3457248782137667 0.4762822754660971 0.002588446143244525 0.007247649201084841
11 0.3867517495841929 0.5765414227477695 0.00440035844351577 0.004141513829191297
10 0.3022010872238021 0.7929355203230145 0.011130318415951556 0.027610092194608596
10 0.3047895333670467 0.7408214713056909 0.009059561501355944 0.016566055316765187
10 0.162424995488596 0.7171803298640572 0.014236453787845082 0.014150172249736954
10 0.08710121272017936 0.5323540634538164 0.025625616818121113 0.033132110633530235
10 0.19711017380807302 0.40275919321537224 0.01734258915973857 0.022433199908119473
10 0.24965563051593762 0.44831584533647645 0.02873175219001457 0.035547993700558535
10 0.15168294399413107 0.4850717805705492 0.020189879917307536 0.017256307621630357
10 0.03792073599853277 0.42139600544673317 0.022001792217578742 0.021742947603254306
10 0.17264935775441198 0.3687642672007604 0.03364979986217923 0.019327064536226075
10 0.11777429951762736 0.3601361133899452 0.02433139374649883 0.015875803011899947
10 0.083477388119637 0.4412407592116081 0.02614330604677005 0.04210539059677813
11 0.3548759662388288 0.30060185209532037 0.0031061353718934725 0.010698910725410826
11 0.34167489090828157 0.31026538436343337 0.006729959972435822 0.007247649201084732
11 0.3460752493517974 0.24175784310556075 0.003623824600542491 0.009663532268113038
11 0.3337801301713857 0.2533195692120531 0.0033649799862179464 0.012079415335141307
11 0.34542813781598625 0.20586472325256955 0.004918047672164647 0.015185550707034742
11 0.36069997006112914 0.144259705043349 0.0023296015289201223 0.012079415335141251
11 0.36315899389721146 0.09508225499518343 0.0020707569145956483 0.009318406115680435
11 0.35668787853910006 0.35185611240504355 0.004141513829191297 0.014150172249736883
11 0.5936139555106043 0.9242448095410424 0.010871473801627118 0.027264966042176007
11 0.5934845332034421 0.674718601332267 0.008541872272707068 0.03209673217623262
11 0.6405942530104928 0.3799808671548191 0.010612629187303033 0.02588446143244388
11 0.39236226787334005 0.9049177450048166 0.0038826692148668227 0.0072476492010846985
