10 0.14849452554744524 0.8074817518248174 0.29151459854014594 0.3631386861313867
10 0.049270072992700725 0.42609489051094895 0.09854014598540145 0.35948905109489054
10 0.26208941605839414 0.5492700729927007 0.3188868613138686 0.13138686131386862
10 0.40921532846715325 0.9315693430656935 0.07664233576642332 0.0821167883211679
10 0.3578923357664233 0.7235401459854017 0.11359489051094883 0.19160583941605894
10 0.2634580291970803 0.29562043795620435 0.31614963503649635 0.09124087591240873
11 0.12082571500678448 0.45294226116304925 0.009089310172403203 0.017673658668561743
11 0.38914972572127055 0.1926428794873233 0.009468031429586646 0.004544655086201601
11 0.38914972572127055 0.16562742980823603 0.00871058891521983 0.00807938681991395
11 0.5340106065939465 0.15300338790212048 0.00908931017240306 0.005049616762446192
11 0.7595120016884988 0.24212912375929627 0.0037872125718345726 0.010604195201137045
10 0.5152546579272733 0.8850477020413465 0.05702886377326195 0.15833896294693914
10 0.7302870207429258 0.9606389018662977 0.06709278090971992 0.06440906967333121
10 0.7463892881612587 0.8890732688959297 0.026837112363888024 0.04830680225499848
10 0.6242804269055682 0.671692658748437 0.077827625855275 0.11092673110407042
11 0.7457831591588843 0.5514820235757428 0.010688913821862798 0.007981055653657733
11 0.8292635761076338 0.6206036662904565 0.005772013463806047 0.005415716336410625
10 0.5690229947024865 0.7723973950197986 0.03334941112421234 0.0595728797005161
