7 0.6968355824819136 0.6791229437987448 0.028231948262767332 0.022493747396351297
11 0.6216077691231979 0.6954194342593665 0.008607301299624087 0.019280354911157822
11 0.6221242072011752 0.5733105198220309 0.009640177455579248 0.01285356994077219
11 0.6360680353065665 0.5944270990104424 0.007230133091684294 0.01468979421802544
11 0.6467410889181004 0.6068216128819013 0.005164380779774547 0.010099233524892242
5 0.8136649272508057 0.5644372042660597 0.013458689304867022 0.02796068785817326
10 0.017860098278167456 0.9327269631522358 0.026790147417251182 0.11787664863590522
10 0.05000827517886888 0.9648751400529372 0.023218127761617694 0.05596164127159128
11 0.18746109762050123 0.5371363619615903 0.015962631501121365 0.021700832367537472
11 0.2010762833126341 0.5991089313188848 0.01877956647190743 0.011267739883144329
11 0.15850926597631054 0.33786429550968355 0.016901609824716654 0.04214969363694774
11 0.1330219291760109 0.11559866472707458 0.014397667628462365 0.021700832367537455
11 0.12472762065091846 0.086594667620462 0.010954747108612696 0.03046463005442758
11 0.6677581698345043 0.5162294161277664 0.009702776010485366 0.012519710981271715
7 0.9488256813640522 0.7911294884624516 0.008450804912358193 0.0079291502881388
5 0.7690113323955388 0.9136139942292257 0.017527595373780257 0.020866184968786002
11 0.7123596402052844 0.9146573034776649 0.0087637976868902 0.019614213870658828
