11 0.7223062555285814 0.165573482620359 0.002692153568606557 0.0037526989138153156
11 0.7539390599597092 0.19616613680907072 0.0030592654188711776 0.003589538091475539
10 0.1395806028833552 0.8335517693315859 0.2280471821756226 0.31716906946264756
10 0.22264089121887287 0.5858453473132372 0.18184796854521626 0.18086500655307994
10 0.11451507208387943 0.24770642201834864 0.22116644823066842 0.46920052424639586
10 0.3676277850589777 0.08781127129750983 0.24377457404980338 0.13892529488859764
10 0.3577981651376147 0.427916120576671 0.24377457404980338 0.11926605504587158
10 0.6217234600262124 0.8256880733944953 0.18577981651376155 0.3119266055045871
10 0.7952162516382699 0.5891218872870249 0.1965923984272608 0.13499344692005252
10 0.9087483617300132 0.1402359108781127 0.1661205766710354 0.24901703800786368
10 0.6040301441677588 0.2778505897771953 0.25851900393184785 0.13368283093053734
10 0.6733289646133683 0.4325032765399737 0.34796854521625165 0.09698558322411537
10 0.3921447739831328 0.7591183333872742 0.24108511396628385 0.11393051799250571
10 0.39000857677077333 0.9267589527191038 0.26366777021122695 0.13671662159100678
11 0.7661023623171752 0.8683539898937375 0.009965517651491354 0.014805911939358936
11 0.7446053170975293 0.8440571087624817 0.004555665212110256 0.013287356868655138
11 0.8314403871519144 0.8036255800050017 0.0045556652121105405 0.01062988549492445
11 0.8903793058335928 0.38602293556154643 0.005694581515137997 0.015185550707034708
11 0.8539339841367095 0.3340124243899524 0.008541872272707139 0.01442627317168295
11 0.8253187120231411 0.2903539661072276 0.009396059499977839 0.009870607959572588
