11 0.7611708613051136 0.8677247006466102 0.02255274468790219 0.02497778453018782
11 0.7405638113850626 0.8423003239108995 0.011830284042156613 0.015773712056208082
11 0.8256031234765908 0.808809628306938 0.01960105533870916 0.019702435844434377
11 0.7183300593819902 0.1639216201831515 0.0028317167513516495 0.004045309644788304
11 0.7492261117940612 0.19567730089473984 0.0035396459391898814 0.003910465989962048
11 0.8199178978367371 0.28534833135421445 0.002932849492471519 0.003910465989962084
10 0.09092604503704806 0.28636959370904325 0.16611645514215512 0.5439056356487549
10 0.014252948885976408 0.02817824377457405 0.010812581913499346 0.02228047182175622
10 0.591743119266055 0.3073394495412844 0.15137614678899083 0.08519003931847965
10 0.3120904325032765 0.09698558322411532 0.22509829619921362 0.14154652686762778
10 0.07323066841415465 0.8564875491480995 0.12680209698558323 0.27653997378768025
10 0.604521625163827 0.9325032765399738 0.25557011795543905 0.1245085190039319
10 0.9279161205766709 0.8571428571428572 0.12188728702490166 0.2673656618610748
11 0.3024196761942847 0.2091029148515449 0.01421532973771466 0.009782592507674614
10 0.20428804510167367 0.8719091793526355 0.12151814130627038 0.2329479840890011
10 0.30631742789656136 0.6441581975333358 0.0733694438075596 0.15407583199587513
10 0.2606908050287352 0.5200415550922142 0.12243525935386508 0.07826074006139684
10 0.436318911143081 0.2473517889407843 0.14628032859132198 0.09538027694982752
