11 0.46047651367763615 0.8428144648561181 0.00413426617999022 0.01332152435774617
11 0.4616823413134666 0.8271961259539329 0.005167832724987704 0.014240250175521964
11 0.46099329695013486 0.8719840095704935 0.0037897439983242977 0.014699613084409577
11 0.4568590307701447 0.8908178888348934 0.0031006996349926654 0.011024709813307111
11 0.451518936954324 0.9103408124626248 0.003445221816658517 0.010565346904419499
11 0.4391161384143534 0.9429555789936588 0.004823310543321853 0.01332152435774617
11 0.43532639441602905 0.926188832819254 0.0027561774533268134 0.006431080724429279
7 0.8380745746170501 0.7000360204962661 0.02825081889659984 0.041342661799902064
7 0.8868244633227681 0.7641171462861144 0.015503498174963255 0.01883387926439994
7 0.7221428604864915 0.8052301266315725 0.012747320721636583 0.014699613084409577
7 0.7090510175831891 0.8017849048149139 0.010680187631641332 0.011484072722194866
7 0.7236932103039878 0.7726153601005386 0.01791515344662429 0.020211967991063205
7 0.8466876291586964 0.8764313775091815 0.01240279853997052 0.014699613084409577
7 0.8713209651478047 0.28936557995057194 0.01825967562829007 0.021130693808838856
11 0.9643419541975845 0.07510583560315545 0.014814453811631694 0.016996427628848634
11 0.9298897360309993 0.10381601740864305 0.019637764354953475 0.012862161448858433
11 0.9414312291168053 0.12494671121748187 0.008957576723312145 0.020211967991063257
11 0.9038783113152278 0.22325037371947126 0.013780887266634068 0.0119434356310828
11 0.7879465971846691 0.20832107918061774 0.025150119261607103 0.012402798539970625
11 0.7634855222863934 0.13137779194191107 0.024461074898275398 0.019293242173287622
11 0.25821937515855514 0.616235342272985 0.007924010178314553 0.006890443633317034
11 0.08165175705480662 0.5689209626575416 0.004134266179990211 0.006890443633317034
11 0.2918102878709755 0.7069595167783257 0.004134266179990184 0.012862161448858416
