11 0.10499484891111877 0.8846669048998007 0.010243399893767683 0.012140325800020975
11 0.09418237124547511 0.9155867971717293 0.00910524435001573 0.02162495533128734
11 0.06330990212120305 0.9506799264374147 0.004837161060945858 0.012140325800020833
11 0.12790022922912705 0.8412273016466009 0.010527938779705686 0.014796022068775585
11 0.11680321267754541 0.8715781161466531 0.009958861007829682 0.004173236993757285
11 0.19163693967923712 0.7640224172620925 0.01337332763908556 0.01669294797502886
11 0.22464345044804354 0.7374654545745453 0.008820705464076865 0.01365786652502586
11 0.23773223920119171 0.7304468287214095 0.013373327639085594 0.012519710981271715
11 0.293501860845038 0.6581739516931597 0.011666094323457691 0.01289909616252217
11 0.33817446593730266 0.5951960116055511 0.020202260901597456 0.015934177612527592
11 0.3632138878998458 0.5927300079274218 0.02703119416410921 0.01783110351878072
11 0.38683061543269914 0.5955753967868017 0.016787794270341435 0.012140325800020904
11 0.391098698721769 0.6098023410837012 0.005975316604697767 0.014037251706274319
11 0.32024851612320915 0.618338507661841 0.009958861007829646 0.0212455701500366
11 0.38555019044597816 0.640911925946255 0.02162495533128734 0.019348644243783398
11 0.4228247845038549 0.9645274855530639 0.007398011034387652 0.020866184968786287
11 0.4379053454585686 0.9474551523967841 0.006828933262511754 0.014037251706274248
11 0.4646520007367397 0.9150177193998532 0.008536166578139657 0.019728029425034207
11 0.4909718476860039 0.884097827127925 0.006544394376573805 0.015554792431276922
11 0.4805861783492672 0.8973763084716978 0.005121699946883993 0.017072333156279314
11 0.519283466836834 0.8569717866685028 0.007967088806263688 0.018969259062532728
11 0.5074751030704074 0.865697645837268 0.01052793877970572 0.01593417761252766
11 0.5436115415845323 0.838571605377846 0.009958861007829754 0.014037251706274248
11 0.5326567944759196 0.8455902312309834 0.00967432212189152 0.01441663688752513
11 0.5825933689580371 0.8152394167309309 0.0071134721484498445 0.012899096162522312
11 0.5714963524064555 0.8220683499934427 0.009389783235953573 0.015175407250026323
11 0.6103359103369912 0.8825802864029222 0.012519710981271715 0.01783110351878065
11 0.5901336494353939 0.9019289306467055 0.006259855490635857 0.01251971098127143
11 0.5608261441837807 0.9305725118311301 0.0062598554906359285 0.009864014712516961
11 0.555135366465021 0.9427128376311511 0.007398011034387721 0.006828933262511896
11 0.5376362249798344 0.966424411459317 0.004268083289069864 0.01327848134377291
11 0.6318185962253096 0.8658873384278933 0.007682549920325883 0.014037251706274106
11 0.6222865435463869 0.8725265790997798 0.0062598554906359285 0.013657866525023508
11 0.6663900708667757 0.8345880609747143 0.009105244350015624 0.013657866525023508
11 0.6929944567019777 0.7173580399682621 0.00995886100782954 0.012140325800020975
11 0.6807592846066441 0.7276014398620296 0.008820705464077604 0.011381555437519779
11 0.6585652515034808 0.7439150026558079 0.011097016551581476 0.009864014712516961
11 0.6386475294878214 0.7604182580402113 0.00768254992032574 0.01024339989376756
11 0.6271237046073327 0.7710410431152297 0.010243399893767774 0.011760940618770376
11 0.617022574156534 0.7814741355996228 0.00768254992032567 0.015175407250026324
11 0.6059255576049524 0.7905793799496383 0.006544394376573734 0.009105244350015767
11 0.7116317537309161 0.6959227772276 0.007967088806263688 0.010243399893767702
11 0.7631332920856926 0.6350314556368698 0.010243399893767702 0.011381555437519708
11 0.7812015113427551 0.6141652706680838 0.009389783235953644 0.012140325800020975
11 0.811362633252182 0.5785030636305223 0.007113472148449631 0.011381555437519708
11 0.7988429222709105 0.5931093931086724 0.008820705464077889 0.012519710981271573
11 0.8319917024826864 0.5564987231179842 0.010812477665643598 0.012140325800021046
11 0.856177507787415 0.532787149289818 0.007967088806264361 0.010243399893767957
11 0.8449382217928649 0.5426511640023353 0.008251627692201708 0.008725859168765098
7 0.19303589159804083 0.39059075625040607 0.03533525230367911 0.044582770124201254
