7 0.201557534550881 0.8590973181423002 0.012923027034286036 0.013895727993856043
7 0.21072871502682594 0.7946211402508083 0.011255539675023343 0.016119044472873014
7 0.053151159576499137 0.5161507512539346 0.016258001752811505 0.020565677430906888
7 0.07357787972746742 0.5695103467503415 0.012923027034286064 0.012784069754347413
7 0.10505170363355122 0.4722402507933497 0.015841129912995803 0.0194540191913984
11 0.38939672647415724 0.9194337677616841 0.001882506285996044 0.0031375104766600257
11 0.38221967125879736 0.9296306768108292 0.001647193000246574 0.002196257333662004
11 0.3013895576038423 0.9705751885312432 0.006588772000986118 0.03200260686193289
11 0.17220256372736395 0.9487017037066071 0.011295037715976236 0.025413834860945717
11 0.13667025757918855 0.891755888555227 0.011295037715976392 0.02447258171794885
11 0.17890899237122482 0.8396732146426703 0.014354110430719835 0.013177544001972307
11 0.18667433080095852 0.8622632900746229 0.014824737002218811 0.028865096385272723
11 0.06548798863996332 0.9088553206530247 0.008235965001232692 0.012236290858974286
11 0.18149743851446942 0.7013090026219612 0.017177869859713903 0.011295037715976121
11 0.2850352842442517 0.7093096543374443 0.004470952429240569 0.00533376781032203
11 0.44528363183966474 0.9894893399031887 0.014354110430719942 0.017256307621630357
11 0.45740226605576423 0.960153616946417 0.014118797144970259 0.00941253142998022
11 0.7847230465333248 0.7963755700647611 0.015060050287970021 0.015060050287968868
11 0.817749860187008 0.8646164229321179 0.002588446143244596 0.003451261524326128
11 0.8136318776863917 0.866655804741947 0.0023531328574948416 0.0012550041906638399
11 0.7862178798965743 0.9005409178898757 0.001647193000246574 0.00502001676265607
11 0.7790408246812143 0.911365329034353 0.002353132857495126 0.002823759428994066
11 0.7742169023233495 0.918581603130671 0.0030590727147433937 0.003451261524326128
11 0.8008073036130438 0.43713062048718326 0.007294711858234706 0.006275020953320194
11 0.7832764638247056 0.4517200442036527 0.008471278286982197 0.006588772000986225
11 0.834927730046722 0.44497439667883354 0.008706591572731667 0.003137510476660097
11 0.7769230051094689 0.4561125588709767 0.0018825062859959018 0.007216274096318145
11 0.8045723161850357 0.44403314353583556 0.011059724430226651 0.003765012571992088
11 0.9444660645631177 0.4360324918203488 0.09412531429979962 0.04047388514892154
11 0.8706953494806468 0.3227683636129238 0.13106950016247437 0.06996648362951965
11 0.9449366911346156 0.32935713561391 0.016471930002465454 0.04737640819756703
11 0.9727036588530572 0.3053551804674604 0.02353132857495055 0.024472581717948607
11 0.5800834415800078 0.29515827141831513 0.03647355929117325 0.025413834860946557
11 0.6085563491556979 0.28151010084484385 0.017648496431212805 0.014432548192636362
11 0.5792598450798845 0.21742947603254287 0.006118145429487143 0.015060050287968316
10 0.9364654128476334 0.09961595763395721 0.11577413658875656 0.1716218230733058
10 0.8324569405463521 0.14479610849786223 0.08659528915581817 0.0636914626761994
10 0.8704600361948974 0.23233265079667817 0.1809559167413694 0.0555339354368833
7 0.6719732796651896 0.15609114621383846 0.00988315800147916 0.012863792954306277
3 0.3201799174696792 0.05584768648454925 0.019766316002958462 0.032630108957264724
3 0.04353295786365846 0.15326738678484442 0.025884461432445577 0.03106135371893469
3 0.12200993866111848 0.15342426230867745 0.028943534147189157 0.038277627815252874
7 0.06812319622448176 0.6831929062927302 0.010118471287228727 0.0072162740963182155
7 0.07930057729758326 0.6463271581919744 0.00988315800147924 0.011922539811308325
7 0.03835606557716935 0.6930760642942095 0.016942556573964374 0.013805046097304369
11 0.2777873338272909 0.5198854859825736 0.00776533842973361 0.00439251466732415
11 0.28519970232840036 0.5606731221791545 0.013648170573471355 0.00502001676265607
11 0.24449050389373597 0.5452993208435202 0.0047062657149901455 0.005020016762656141
11 0.2536677220379666 0.5504762131300093 0.007059398572485094 0.005333767810322172
11 0.21342915017480124 0.5096885769334283 0.006588772000986118 0.005333767810322172
11 0.2207238620330359 0.5131398384577543 0.005176892286489121 0.0065887720009861536
11 0.23731344867837606 0.38889442358201565 0.006353458715236649 0.007216274096318145
11 0.17789684402662595 0.3862275396768545 0.020236942574457507 0.006275020953320265
11 0.19895738310120667 0.3840312823431926 0.016707243288214924 0.003765012571992088
11 0.15601270845192197 0.38779629491518464 0.01882506285996044 0.003137510476660168
11 0.13836421202070906 0.39375756482083873 0.0065887720009861536 0.007530025143984176
