5 0.9413701673182081 0.7508918412274375 0.025667658475976508 0.02441969391471815
5 0.17952451053383725 0.0615675114616286 0.013007220731329787 0.014452467479255566
10 0.4092038345789748 0.8612489048734129 0.34844428243886455 0.2560181497174446
10 0.09466405361055857 0.8737812618525885 0.17187232428583685 0.2273727623364718
10 0.11514102974617582 0.6007549133776914 0.11480534161280506 0.304357240922836
10 0.8449120823826978 0.5868798038650315 0.21349765282382102 0.27302634847489915
10 0.8892229159876441 0.8885515397209025 0.1920136122880834 0.19604186988853273
11 0.4368495025378947 0.2876842698154516 0.011295037715976263 0.011922539811308254
11 0.49073624497453133 0.3603176373501322 0.006118145429487072 0.00972628247764618
10 0.1897116644823067 0.27653997378768025 0.34600262123197906 0.290956749672346
10 0.9185779816513758 0.21428571428571425 0.1444954128440366 0.22673656618610746
