5 0.2178491983095668 0.5041854198404756 0.021900452653651356 0.02412223770547101
5 0.13203751165099917 0.3804002526676639 0.013330710310918174 0.013542308887282034
5 0.14552692089419023 0.324326629931262 0.01174372098818985 0.014811900345464686
5 0.1402898561291866 0.1305563216164527 0.015235097498192208 0.014811900345464632
5 0.8639699649771712 0.8179537902019063 0.011401270363049179 0.013898691490193188
5 0.8548489486867317 0.7987345058756233 0.009772517454042173 0.010641185672179318
5 0.7756101196635405 0.7775607180585322 0.00960964216314153 0.015201693817398904
5 0.7318781040567024 0.8066611033661243 0.011075519781247607 0.011727020944850324
5 0.0837993371684108 0.8311526150996061 0.011889896235751233 0.01541886087193305
5 0.061648297605915434 0.5499212794777287 0.018404907871779255 0.019762201962618492
11 0.2046122383502049 0.4867853103302549 0.004894824670193892 0.006200111248912279
11 0.21164854881360856 0.48645898868557536 0.005017195286948706 0.006526432893591831
11 0.21905197112727678 0.48711163197493446 0.004650083436684192 0.006200111248912137
11 0.3433775651945797 0.10560247675824444 0.003944176903668648 0.004719527918919724
11 0.700518137209733 0.22250803964459856 0.002841746444686066 0.003677554222534809
11 0.7007688795430878 0.2279129299413543 0.0030089080002558433 0.004457641481860364
11 0.8013821123059378 0.16313728333531935 0.010817315802925179 0.010993432295493091
11 0.8158622709418567 0.16298803165374728 0.01633663348152722 0.010738141097521279
11 0.9215254730696831 0.11166268815196399 0.010346224146319048 0.015906918494418453
11 0.9320495190206293 0.11319515781221218 0.008427432282246353 0.016128456492660946
11 0.9434924494987649 0.11362099597262515 0.011030066873651889 0.01641010847318504
11 0.3730292926594773 0.40117622180627016 0.010063151013508919 0.014452913141977337
11 0.38501349418005776 0.4010482627083718 0.012276499118644006 0.014196994946180121
11 0.4199838066665864 0.3328105917364825 0.008961445068015075 0.00716237971691311
11 0.4116970726636505 0.3311334310861342 0.007072451072725545 0.008445944103012956
11 0.553290661983247 0.46023037827238883 0.0024238425557616947 0.0031203490373022903
5 0.6039390615634501 0.7910441348123669 0.007586978238800625 0.00897384522868876
11 0.09451101430623668 0.46711144001436206 0.0033040066523808776 0.004894824670193856
11 0.09940583897643056 0.46857988741542017 0.003548747885890542 0.005221146314873479
11 0.10558555512255031 0.4696404327606289 0.0029368948021163276 0.005057985492533703
5 0.7678211099457595 0.6295464265464047 0.008237906463175761 0.012140072682574683
10 0.9528902801929491 0.919413043406986 0.08956023655626169 0.15289088552764526
10 0.8374455822042417 0.9635891909183598 0.1330461317627703 0.06868010433408898
10 0.8056076946423336 0.9114751419010361 0.034685178319477074 0.032786984481097646
11 0.850646657534789 0.8605690344172265 0.005176892286489192 0.007592775353517425
11 0.6933985543326819 0.863157480560471 0.0028472907575689986 0.005867144591354076
11 0.7684634924867743 0.7696282932512344 0.003882669214867036 0.00517689228648905
11 0.949525300206731 0.7943048131501658 0.003623824600542491 0.002761009219460817
11 0.934253467961588 0.7989640162080058 0.004141513829191297 0.00517689228648905
11 0.9123810980511716 0.8129416253815265 0.004918047672164505 0.0020707569145956483
11 0.8682480913088518 0.836410203746944 0.004141513829191297 0.005522018438921634
11 0.7144943904001252 0.7458145887333844 0.007247649201084841 0.010698910725410826
11 0.7058230958202558 0.7428810164377072 0.00647111535811149 0.006902523048651972
11 0.6950810443257909 0.7314918534074312 0.004141513829191297 0.006212270743786945
11 0.7920183523902997 0.7463322779620333 0.003882669214866752 0.004141513829191154
11 0.9732095824174186 0.5264869188624621 0.01009493995865384 0.004141513829191368
11 0.9528902801929491 0.5271771711673274 0.015012987630818344 0.0027610092194608883
11 0.8685069359231764 0.5164782604419165 0.012942230716222696 0.003451261524326057
11 0.8389986498901885 0.5102659896981296 0.006212270743786945 0.004831766134056607
11 0.6606547106206384 0.47765156829324806 0.006212270743786803 0.009318406115680418
11 0.6200161061716989 0.4512494176321536 0.008283027658382664 0.0069025230486521845
11 0.5845543940092484 0.4541829899278308 0.004659203057840173 0.00586714459135429
11 0.56954140637843 0.45539093146134507 0.004659203057840173 0.0055220184389217055
11 0.547410191853689 0.45694399914729167 0.005435736900813666 0.0072476492010846985
11 0.530973558844086 0.46539958988189056 0.011389163030276065 0.003451261524326057
11 0.5204903519639454 0.46488190065324164 0.004918047672164789 0.0031061353718934014
11 0.4914997551596065 0.4733374913878406 0.006988804586760224 0.004831766134056465
11 0.4833461498083861 0.47920463597919494 0.004659203057840173 0.008283027658382593
11 0.39805684938847796 0.38360469175536255 0.006471115358111348 0.006212270743786945
11 0.39417418017361117 0.3553043472558886 0.005435736900813524 0.013805046097304298
11 0.4390837207589043 0.3497823288169669 0.004659203057840173 0.011044036877843553
11 0.43364798385809067 0.3563397257131865 0.0046592030578402445 0.005522018438921777
11 0.4273062908071415 0.3596184241612963 0.0028472907575690697 0.00517689228648905
11 0.4462019476528268 0.49594325437217635 0.01164800764460054 0.005867144591354361
10 0.062122707437869386 0.3644501902953528 0.11803314413195183 0.11009524262600195
10 0.23321899750633354 0.36669351028616404 0.13511688867736543 0.037273624462720256
10 0.20914644837415988 0.28748705830288074 0.025884461432446226 0.03347723678596281
10 0.10819704878762235 0.19947988943256478 0.08645410118436858 0.06315808589516692
10 0.1656605531676517 0.18740047409742502 0.019672190688658643 0.019672190688658622
10 0.3221321225267851 0.20862573247203037 0.016307210702440747 0.0227783260605521
10 0.30258935414528876 0.3290747596710105 0.02536677220379662 0.017946559926495596
11 0.6170855605495025 0.26073978148935417 0.006729959972435822 0.008283027658382559
11 0.60996733365558 0.26401847993746397 0.004400358443515629 0.005176892286489121
11 0.5427971562383838 0.2931816398180193 0.005176892286488979 0.005522018438921634
11 0.5295960809078365 0.29732315364721057 0.004141513829191368 0.005522018438921777
11 0.6939624110038659 0.23606326159042276 0.006212270743786945 0.008628153810815142
11 0.7893466513824267 0.16341420650335844 0.010094939958653775 0.014495298402169496
11 0.6649718141995268 0.1578921880644371 0.0077653384297336455 0.011044036877843411
