5 0.5704081532217958 0.10516557224268158 0.02034453034456624 0.02587406936129469
5 0.8563363164899082 0.06072059825916734 0.0131456965303353 0.022952803465664626
5 0.9093885917730467 0.23808317049384853 0.017214602599248677 0.020448861269410302
5 0.9901407276022485 0.7892515318152608 0.019092559246439437 0.025039421962543287
11 0.9827853974007514 0.9534684075196067 0.03442920519849707 0.06802376299824232
11 0.8574317912007693 0.8752202138866594 0.017214602599248393 0.013354358380023114
11 0.6999964256112787 0.892330485561064 0.010328761559549093 0.020031537570034744
11 0.6910761315371227 0.8113696878821741 0.008763797686889917 0.012519710981271573
11 0.6064115860262725 0.6081330462861971 0.03536818352209372 0.10600021964143433
11 0.39435898128098534 0.81178701158155 0.015023653177525916 0.036724485545063315
5 0.2671274184338126 0.8902438670641852 0.017840588148312016 0.0191968901712832
5 0.17589002465779566 0.8493461445253646 0.009389783235953679 0.009181121386265829
7 0.04804439089062983 0.9914448641627974 0.012206718206739823 0.014606329478150428
11 0.05195680057227721 0.9524250982711677 0.015649638726589518 0.030881953753803232
11 0.07386629478950253 0.9828897283255952 0.02065752311909817 0.028378011557548887
11 0.025039421962543232 0.9797598005802775 0.026917378609733974 0.037141809244439085
5 0.030360299129583667 0.6052117803905681 0.014397667628462356 0.015023653177525844
7 0.2319276459280567 0.5268711704618472 0.0356811762966241 0.044653635833202115
11 0.94319181142248 0.6791175029957192 0.02348071794537489 0.10048737357267981
11 0.919711093477105 0.6500822066116534 0.01969350537354032 0.027267930517209535
11 0.9674299718822218 0.6965386808261588 0.02120839040227409 0.030297700574677292
11 0.8159414690088351 0.43219124331209907 0.010604195201137116 0.017673658668561812
11 0.8100712895224915 0.4647612714298772 0.018557341601989776 0.022218313754763273
11 0.6091596625866624 0.20577188306968341 0.00984675268677016 0.0207034287260295
